# format: dynamic
3
0 0.0000
1 1.0000
2 0.5000
0 0.0000
1 0.0080
2 0.0080
0 0.0000 0.0000 0.0000
1 0.0000 0.0000 0.0000
2 0.0000 0.0100 0.0000
17
0 0 2 2 0
1 1 0 0 0
2 1 0 0 0
3 1 0 0 0
4 1 0 0 0
5 1 0 0 0
6 1 0 0 0
7 1 0 0 0
8 1 0 0 0
9 1 0 0 0
10 1 0 0 0
11 1 0 0 0
12 1 0 0 0
13 1 0 0 0
14 1 0 0 0
15 1 0 0 0
16 1 0 0 0
17
0 0.0000 0.3418 0.5629
1 0.0000 0.7058 0.4339
2 0.0000 1.0213 0.8202
3 0.0000 0.4357 0.5525
4 0.0000 1.1832 0.2322
5 0.0000 0.1674 0.6808
6 0.0000 0.6758 1.1520
7 0.0000 0.9517 0.9735
8 0.0000 0.5470 0.1481
9 0.0000 0.1283 0.0000
10 0.0000 0.0391 0.1884
11 0.0000 0.2711 0.5207
12 0.0000 0.6101 0.0000
13 0.0000 0.0000 0.3906
14 0.0000 0.3954 0.0000
15 0.0000 0.4204 0.1339
16 0.0000 0.7704 0.2279
500
