# format: dynamic
3
0 0.0000
1 1.0000
2 0.5000
0 0.0000
1 0.0000
2 0.0000
0 0.0000 0.0000 0.0000
1 0.0000 0.0000 0.0100
2 0.0000 0.0000 0.0000
17
0 0 2 2 0
1 1 0 0 0
2 1 0 0 0
3 1 0 0 0
4 1 0 0 0
5 1 0 0 0
6 1 0 0 0
7 1 0 0 0
8 1 0 0 0
9 1 0 0 0
10 1 0 0 0
11 1 0 0 0
12 1 0 0 0
13 1 0 0 0
14 1 0 0 0
15 1 0 0 0
16 1 0 0 0
17
0 0.0000 0.5629 0.3418
1 0.0000 0.4339 0.7058
2 0.0000 0.8202 1.0213
3 0.0000 0.5525 0.4357
4 0.0000 0.2322 1.1832
5 0.0000 0.6808 0.1674
6 0.0000 1.1520 0.6758
7 0.0000 0.9735 0.9517
8 0.0000 0.1481 0.5470
9 0.0000 0.0000 0.1283
10 0.0000 0.1884 0.0391
11 0.0000 0.5207 0.2711
12 0.0000 0.0000 0.6101
13 0.0000 0.3906 0.0000
14 0.0000 0.0000 0.3954
15 0.0000 0.1339 0.4204
16 0.0000 0.2279 0.7704
500
