# format: dynamic
3
0 0.0000
1 1.0000
2 0.5000
0 0.0000
1 0.0080
2 0.0000
0 0.0000 0.0000 0.0000
1 0.0000 0.0000 0.0000
2 0.0000 0.0100 0.0000
33
0 0 2 2 0
1 1 0 0 0
2 1 0 0 0
3 1 0 0 0
4 1 0 0 0
5 1 0 0 0
6 1 0 0 0
7 1 0 0 0
8 1 0 0 0
9 1 0 0 0
10 1 0 0 0
11 1 0 0 0
12 1 0 0 0
13 1 0 0 0
14 1 0 0 0
15 1 0 0 0
16 1 0 0 0
17 1 0 0 0
18 1 0 0 0
19 1 0 0 0
20 1 0 0 0
21 1 0 0 0
22 1 0 0 0
23 1 0 0 0
24 1 0 0 0
25 1 0 0 0
26 1 0 0 0
27 1 0 0 0
28 1 0 0 0
29 1 0 0 0
30 1 0 0 0
31 1 0 0 0
32 1 0 0 0
33
0 0.0000 0.7704 0.5629
1 0.0000 0.6073 0.4339
2 0.0000 0.6777 0.8202
3 0.0000 0.1731 0.5525
4 0.0000 0.4352 0.2322
5 0.0000 0.8920 0.6808
6 0.0000 1.2467 1.1520
7 0.0000 0.0000 0.9735
8 0.0000 1.2570 0.1481
9 0.0000 1.1729 0.0000
10 0.0000 0.8907 0.1884
11 0.0000 0.6322 0.5207
12 0.0000 0.3430 0.0000
13 0.0000 1.2290 0.3906
14 0.0000 1.4801 0.0000
15 0.0000 1.4008 0.1339
16 0.0000 1.1576 0.2279
17 0.0000 0.6787 0.3418
18 0.0000 0.0000 0.7058
19 0.0000 0.4978 1.0213
20 0.0000 0.8282 0.4357
21 0.0000 0.0000 1.1832
22 0.0000 0.6976 0.1674
23 0.0000 0.7149 0.6758
24 0.0000 0.8480 0.9517
25 0.0000 0.0000 0.5470
26 0.0000 0.1691 0.1283
27 0.0000 0.2818 0.0391
28 0.0000 0.0000 0.2711
29 0.0000 1.3697 0.6101
30 0.0000 0.2520 0.0000
31 0.0000 0.6645 0.3954
32 0.0000 0.3707 0.4204
500
